[gd_scene load_steps=14 format=3 uid="uid://55ys0f6fdfk7"]

[ext_resource type="PackedScene" uid="uid://b1c70gvktrg5s" path="res://Scenes/monster.tscn" id="1_edk7n"]
[ext_resource type="PackedScene" uid="uid://b8wwongbcfe17" path="res://Scenes/hit_scan_bullet_emitter.tscn" id="2_1cuj6"]
[ext_resource type="PackedScene" uid="uid://beas8jinfg26s" path="res://Models/zombie.glb" id="3_kyw1e"]
[ext_resource type="PackedScene" uid="uid://bm44gljnw3a6n" path="res://Scenes/hitbox.tscn" id="4_c0m03"]
[ext_resource type="Script" uid="uid://dd5xkm36fjxkr" path="res://Scripts/step_tracker.gd" id="5_0n8w2"]
[ext_resource type="ArrayMesh" uid="uid://butgtq27smntu" path="res://Meshes/heavy_zombie_mesh.res" id="5_1cuj6"]
[ext_resource type="Script" uid="uid://cpinx10q0f446" path="res://Scripts/play_random_sound.gd" id="6_5gucl"]
[ext_resource type="AudioStream" uid="uid://rduivi66xeo2" path="res://SFX/concrete1.wav" id="7_0m2u5"]
[ext_resource type="AudioStream" uid="uid://caol02tni64ne" path="res://SFX/concrete2.wav" id="8_oq8y1"]

[sub_resource type="CapsuleShape3D" id="CapsuleShape3D_w2xga"]
radius = 1.6333
height = 4.3106

[sub_resource type="BoxShape3D" id="BoxShape3D_4slyf"]
size = Vector3(4.42834, 6.45093, 3.42654)

[sub_resource type="BoxShape3D" id="BoxShape3D_5ia6i"]
size = Vector3(1.25367, 8.51718, 1.60556)

[sub_resource type="BoxShape3D" id="BoxShape3D_iyl7r"]
size = Vector3(2.23933, 9.80793, 2.0568)

[node name="Zombie" node_paths=PackedStringArray("animation_player", "skeleton") groups=["zombies"] instance=ExtResource("1_edk7n")]
transform = Transform3D(11.5, 0, 0, 0, 11.5, 0, 0, 0, 11.5, 0, 0, 0)
collision_layer = 128
collision_mask = 129
animation_player = NodePath("Graphics/zombie/AnimationPlayer")
skeleton = NodePath("Graphics/zombie/Armature/Skeleton3D")
attack_range = 15.0
damage = 30
zombie_health = 80
zombie_damage = 30
zombie_speed = 1.0
zombie_attack_range = 15.0
zombie_point_amount = 15
zombie_type = "heavy"

[node name="AttackEmitter" parent="." index="1"]
transform = Transform3D(1, 0, 0, 0, 1, 0, 0, 0, 1, 0, 1.33059, 0)

[node name="HitScanBulletEmitter" parent="AttackEmitter" index="0" groups=["zombies"] instance=ExtResource("2_1cuj6")]
transform = Transform3D(1, 0, 0, 0, 1, 0, 0, 0, 1, 0, 0.166917, 0)

[node name="RayCast3D" parent="AttackEmitter/HitScanBulletEmitter" index="0"]
target_position = Vector3(0, 0, -1.3)

[node name="zombie" parent="Graphics" index="0" instance=ExtResource("3_kyw1e")]
transform = Transform3D(-0.092639, 0, 8.09876e-09, 0, 0.092639, 0, -8.09876e-09, 0, -0.092639, 0, 0, 0)

[node name="Skeleton3D" parent="Graphics/zombie/Armature" index="0"]
bones/1/rotation = Quaternion(0.161038, -0.0644713, -0.0105427, 0.984784)
bones/4/rotation = Quaternion(0.387177, -0.460016, -0.555394, 0.57447)
bones/5/rotation = Quaternion(0.144094, -0.0583228, 0.0850415, 0.984177)
bones/7/rotation = Quaternion(0.656391, 0.154804, 0.146975, 0.723592)
bones/8/rotation = Quaternion(-0.0838537, 0.00322264, -0.147829, 0.985447)
bones/10/rotation = Quaternion(0.751924, 0.0434689, -0.657465, -0.0214785)
bones/11/rotation = Quaternion(0.000744378, -0.0713058, 0.0189187, 0.997275)
bones/13/rotation = Quaternion(0.74699, -0.0242148, -0.663401, -0.0363133)
bones/14/rotation = Quaternion(-0.0428221, 0.103568, -0.0115487, 0.993633)
bones/15/rotation = Quaternion(-0.026099, -0.039129, 0.625252, 0.779005)

[node name="Head" type="BoneAttachment3D" parent="Graphics/zombie/Armature/Skeleton3D" index="0"]
transform = Transform3D(0.966713, -0.221799, -0.127555, 0.129139, 0.853337, -0.505113, 0.220881, 0.471827, 0.853575, -6.69181e-08, 7.20108, 1.39091)
bone_name = "Bone.003"
bone_idx = 3

[node name="Hitbox" parent="Graphics/zombie/Armature/Skeleton3D/Head" index="0" instance=ExtResource("4_c0m03")]
transform = Transform3D(1, 0, 0, 0, 1, 0, 0, 0, 1, 0.0515743, 4.54066, 1.25512)
weak_spot = true
critical_damage_multiplier = 3.0

[node name="CollisionShape3D" parent="Graphics/zombie/Armature/Skeleton3D/Head/Hitbox" index="0"]
transform = Transform3D(0.992532, 0.0628194, -0.10457, -0.0728756, 0.992778, -0.0953019, 0.0978275, 0.102211, 0.989941, -0.0673649, -2.78587, -1.48592)
shape = SubResource("CapsuleShape3D_w2xga")

[node name="Body" type="BoneAttachment3D" parent="Graphics/zombie/Armature/Skeleton3D" index="1"]
transform = Transform3D(1, 0, 2.38419e-07, 0, 1, 0, -2.38419e-07, 0, 1, 0, 0.687317, 0)
bone_name = "Bone"
bone_idx = 0

[node name="Hitbox" parent="Graphics/zombie/Armature/Skeleton3D/Body" index="0" instance=ExtResource("4_c0m03")]

[node name="CollisionShape3D" parent="Graphics/zombie/Armature/Skeleton3D/Body/Hitbox" index="0"]
transform = Transform3D(1, 0, 0, 0, 1, 0, 0, 0, 1, -0.0515747, 2.72546, 0.488113)
shape = SubResource("BoxShape3D_4slyf")

[node name="HandL" type="BoneAttachment3D" parent="Graphics/zombie/Armature/Skeleton3D" index="2"]
transform = Transform3D(0.905163, -0.139174, 0.401634, 0.366331, -0.223831, -0.903162, 0.215595, 0.96464, -0.15162, -2.23485, 5.79325, 0.607794)
bone_name = "Bone.007"
bone_idx = 7

[node name="Hitbox" parent="Graphics/zombie/Armature/Skeleton3D/HandL" index="0" instance=ExtResource("4_c0m03")]

[node name="CollisionShape3D" parent="Graphics/zombie/Armature/Skeleton3D/HandL/Hitbox" index="0"]
transform = Transform3D(0.981873, 0.18912, -0.0126336, -0.189073, 0.981951, 0.00482778, 0.0133185, -0.0023516, 0.999909, 0.316804, 4.19156, -0.0358295)
shape = SubResource("BoxShape3D_5ia6i")

[node name="HandR" type="BoneAttachment3D" parent="Graphics/zombie/Armature/Skeleton3D" index="3"]
transform = Transform3D(-0.0526494, 0.154877, -0.98653, -0.971964, -0.234646, 0.0150346, -0.229157, 0.959663, 0.162889, 2.30321, 5.60316, 1.17346)
bone_name = "Bone.004"
bone_idx = 4

[node name="Hitbox" parent="Graphics/zombie/Armature/Skeleton3D/HandR" index="0" instance=ExtResource("4_c0m03")]

[node name="CollisionShape3D" parent="Graphics/zombie/Armature/Skeleton3D/HandR/Hitbox" index="0"]
transform = Transform3D(0.998147, -0.0561862, -0.0233011, 0.0484744, 0.966181, -0.253265, 0.0367432, 0.251667, 0.967116, 0.0927039, 3.91584, 0.334198)
shape = SubResource("BoxShape3D_5ia6i")

[node name="LegL" type="BoneAttachment3D" parent="Graphics/zombie/Armature/Skeleton3D" index="4"]
transform = Transform3D(0.131703, 0.0371279, -0.990594, 0.0936151, -0.995299, -0.0248581, -0.986879, -0.089459, -0.134557, 0.997748, 0.0409328, 1.34846e-06)
bone_name = "Bone.010"
bone_idx = 10

[node name="Hitbox" parent="Graphics/zombie/Armature/Skeleton3D/LegL" index="0" instance=ExtResource("4_c0m03")]

[node name="CollisionShape3D" parent="Graphics/zombie/Armature/Skeleton3D/LegL/Hitbox" index="0"]
transform = Transform3D(0.995503, -0.088749, -0.0329685, 0.0872488, 0.995184, -0.0444495, 0.0367554, 0.0413731, 0.998466, -0.576412, 4.65833, 2.15049)
shape = SubResource("BoxShape3D_iyl7r")

[node name="LegR" type="BoneAttachment3D" parent="Graphics/zombie/Armature/Skeleton3D" index="5"]
transform = Transform3D(0.118624, -0.0843569, -0.989349, 0.012004, -0.996189, 0.0863796, -0.992855, -0.0221231, -0.117161, -0.91283, 0.0409327, 1.3113e-06)
bone_name = "Bone.013"
bone_idx = 13

[node name="Hitbox" parent="Graphics/zombie/Armature/Skeleton3D/LegR" index="0" instance=ExtResource("4_c0m03")]

[node name="CollisionShape3D" parent="Graphics/zombie/Armature/Skeleton3D/LegR/Hitbox" index="0"]
transform = Transform3D(0.996477, -0.0723639, -0.042423, 0.0760046, 0.992883, 0.0916341, 0.0354888, -0.0945352, 0.994887, 0.368034, 4.67929, -2.29634)
shape = SubResource("BoxShape3D_iyl7r")

[node name="Cube" parent="Graphics/zombie/Armature/Skeleton3D" index="6"]
layers = 4
mesh = ExtResource("5_1cuj6")

[node name="ZombieHealthManager" parent="." index="4"]
max_health = 80
gib_spawn_amnt = 5
verbose = true

[node name="HealthManager" parent="." index="5"]
transform = Transform3D(1, 0, 0, 0, 1, 0, 0, 0, 1, 0, 0, 0)
max_health = 80

[node name="BloodRaycast" parent="HealthManager" index="0"]
transform = Transform3D(1, 0, 0, 0, 1, 0, 0, 0, 1, 0, 1.45279, 0)
target_position = Vector3(0, -1.06, 0)

[node name="VisionManager" parent="." index="6"]
sight_arc = 0.0
max_sight_range = 100.0
always_detect_in_range = 1e+07

[node name="AICharacterMover" parent="." index="7"]
move_accel = 2.0

[node name="StepTracker" type="Node3D" parent="AICharacterMover" index="1"]
script = ExtResource("5_0n8w2")

[node name="StepSounds" type="Node3D" parent="AICharacterMover/StepTracker" index="0"]
script = ExtResource("6_5gucl")

[node name="Concrete1" type="AudioStreamPlayer3D" parent="AICharacterMover/StepTracker/StepSounds" index="0"]
stream = ExtResource("7_0m2u5")
volume_db = -3.0
bus = &"ZombieSounds"

[node name="Concrete2" type="AudioStreamPlayer3D" parent="AICharacterMover/StepTracker/StepSounds" index="1"]
stream = ExtResource("8_oq8y1")
volume_db = -3.0
bus = &"ZombieSounds"

[editable path="AttackEmitter/HitScanBulletEmitter"]
[editable path="Graphics/zombie"]
[editable path="Graphics/zombie/Armature/Skeleton3D/Head/Hitbox"]
[editable path="Graphics/zombie/Armature/Skeleton3D/Body/Hitbox"]
[editable path="Graphics/zombie/Armature/Skeleton3D/HandL/Hitbox"]
[editable path="Graphics/zombie/Armature/Skeleton3D/HandR/Hitbox"]
[editable path="Graphics/zombie/Armature/Skeleton3D/LegL/Hitbox"]
[editable path="Graphics/zombie/Armature/Skeleton3D/LegR/Hitbox"]
[editable path="HealthManager"]
